sample	TS047_RoL_RNA_110	TS047_RoL_RNA_112	TS047_RoL_RNA_114	TS047_RoL_RNA_116	TS047_RoL_RNA_119	TS047_RoL_RNA_136	TS047_RoL_RNA_142	TS047_RoL_RNA_145	TS047_RoL_RNA_146	TS047_RoL_RNA_16	TS047_RoL_RNA_170	TS047_RoL_RNA_175	TS047_RoL_RNA_177	TS047_RoL_RNA_20	TS047_RoL_RNA_200	TS047_RoL_RNA_204	TS047_RoL_RNA_229	TS047_RoL_RNA_231	TS047_RoL_RNA_258	TS047_RoL_RNA_262	TS047_RoL_RNA_286	TS047_RoL_RNA_288	TS047_RoL_RNA_289	TS047_RoL_RNA_291	TS047_RoL_RNA_317	TS047_RoL_RNA_318	TS047_RoL_RNA_319	TS047_RoL_RNA_322	TS047_RoL_RNA_326	TS047_RoL_RNA_328	TS047_RoL_RNA_347	TS047_RoL_RNA_355	TS047_RoL_RNA_377	TS047_RoL_RNA_381	TS047_RoL_RNA_407	TS047_RoL_RNA_412	TS047_RoL_RNA_439	TS047_RoL_RNA_442	TS047_RoL_RNA_46	TS047_RoL_RNA_468	TS047_RoL_RNA_469	TS047_RoL_RNA_477	TS047_RoL_RNA_478	TS047_RoL_RNA_498	TS047_RoL_RNA_500	TS047_RoL_RNA_502	TS047_RoL_RNA_506	TS047_RoL_RNA_51	TS047_RoL_RNA_526	TS047_RoL_RNA_528	TS047_RoL_RNA_530	TS047_RoL_RNA_532	TS047_RoL_RNA_559	TS047_RoL_RNA_561	TS047_RoL_RNA_562	TS047_RoL_RNA_586	TS047_RoL_RNA_616	TS047_RoL_RNA_618	TS047_RoL_RNA_646	TS047_RoL_RNA_651	TS047_RoL_RNA_652	TS047_RoL_RNA_655	TS047_RoL_RNA_676	TS047_RoL_RNA_677	TS047_RoL_RNA_678	TS047_RoL_RNA_679	TS047_RoL_RNA_683	TS047_RoL_RNA_707	TS047_RoL_RNA_708	TS047_RoL_RNA_710	TS047_RoL_RNA_79	TS047_RoL_RNA_85
TS047_RoL_RNA_110	0	112.295905670286	106.967779448568	115.314267607268	123.979111483802	123.033806550364	140.549154791498	113.447066974026	125.450833590465	148.05053563077	156.787238362883	146.038040039693	195.78656964047	147.141081363014	148.407776269135	162.821450336382	178.248524737413	178.326783572035	141.981461207102	156.29291201958	136.205199011928	123.552598684116	122.236433315674	248.645424453285	148.161993223316	124.559439718303	126.225478447816	126.188219735876	127.954395400095	135.269015003898	119.566875224441	139.195499847839	157.631291841149	146.15703084246	178.067772652168	168.502758376988	165.288375237763	150.572209787043	192.245405256001	114.121731058859	126.108237693017	192.23924921983	127.182047128563	111.311804870477	138.417967937437	102.965800291371	120.74964627611	145.548999510794	218.859232073961	121.990524932123	111.601953336226	127.744924627511	157.816865357606	176.4648233071	159.576122181052	189.710577768822	169.06834810389	150.37339247207	125.526616649654	129.107041298421	111.022091169393	207.188156986024	127.899574908406	118.333863220511	119.196000394363	137.921777564163	136.996511384949	103.70633778867	110.599471780842	126.541144242394	161.320931791264	177.097281450623
TS047_RoL_RNA_112	112.295905670286	0	104.730469566248	128.728914250386	123.101533963282	141.891700329198	137.030178240401	127.349384889099	116.561628914149	152.643612182847	177.908128993408	144.58316622566	201.963967627586	160.589141303564	138.439580982181	184.934748456331	194.636880135838	195.549073649944	157.586748699792	157.007954051634	140.834934174541	121.352474811246	133.834727940626	257.920720645532	154.600524774571	134.027612377396	124.797481229521	117.787541267576	124.292639249931	130.515008621744	122.598100541179	145.829507055612	151.844947081909	158.46259915616	195.890905329563	163.268098832859	176.698748481324	139.255019635201	200.191350831644	111.16594757449	135.959927675007	203.129351923948	112.617889969599	110.840733950408	145.177631331273	120.361553358596	137.000069722226	150.792598549043	224.581613503735	130.798825445024	120.142926839254	133.85684774797	163.979747771015	186.388784047512	167.982230641978	185.504486871815	178.762670135842	153.904703850832	119.276031306736	124.152671471743	119.256694536013	213.694637212243	123.451348037079	106.901630408248	108.549695566838	132.816880966898	157.828807442905	109.844891774322	107.500942967584	141.45984201064	165.194007947434	179.586539949238
TS047_RoL_RNA_114	106.967779448568	104.730469566248	0	126.167248385866	124.030497074995	132.649156694306	137.702635621827	124.292421510252	119.744326522556	155.949770546324	169.153720862736	144.558032181157	196.089376402656	156.421885230737	147.784619505277	176.323778840882	190.319293531274	190.30364938444	152.608014355638	159.343356326626	132.496007797089	125.740216158877	121.610859981553	250.854183900224	160.132091905306	130.111155939515	123.760413128694	120.516115818888	129.054383844557	123.799437512444	115.362697306852	140.337953220129	158.871129720594	153.864270021396	192.425712839953	173.992900544124	170.999643864808	151.61461819784	198.427247902331	106.713441930874	136.459583544707	198.911906213217	124.295332030997	100.306287939639	142.098062468389	116.826499887439	133.326693624016	149.776226122308	218.934324125985	124.140865322182	121.761831828641	129.91763180015	166.573037152905	181.478562087525	165.108598180447	191.430013445993	175.262923750063	157.474349650035	125.681428443391	127.955670043098	116.056231767427	208.010589100389	128.687949608127	116.226521583082	109.01610661577	135.591410169392	145.283401658893	103.37951009933	108.382415620166	135.101653505739	170.361333952814	180.692677784308
TS047_RoL_RNA_116	115.314267607268	128.728914250386	126.167248385866	0	123.952286002077	123.415734878152	166.596864175343	127.310714772909	155.040400189009	158.867828639791	147.187849348457	160.121297207329	189.670125175438	129.659189539389	160.676073368872	154.187542531722	160.244342162362	194.668389926602	147.804378363107	165.99938625147	148.983830878035	143.823282547384	121.198677972952	251.551645184959	169.44399016569	127.874899903064	149.672526978436	148.881774392042	161.307738437464	156.169378578478	125.454550036933	156.619020540233	166.050034936474	160.046584642823	166.033496665244	176.906129570999	178.63136602775	161.691508745736	175.783052109641	136.638073664908	134.330827852303	205.799483195855	156.408798183823	135.062804735377	141.065909159854	125.983549402318	124.03286768928	154.4040432152	223.070990087047	123.158490519877	130.316140865487	114.075955141454	148.801093828154	180.666137940371	148.047206195745	193.73344450941	159.210580397636	145.951492197205	138.249093407674	130.893875489729	125.150438439497	209.009813764989	156.965255598243	140.884652749114	133.909695823948	138.06222959992	128.17047982951	123.953277371558	125.237289139348	116.335946684802	169.272603512864	154.611970069152
TS047_RoL_RNA_119	123.979111483802	123.101533963282	124.030497074995	123.952286002077	0	134.255242672268	149.611843682986	130.043102735769	134.095536484904	161.205882905415	167.324540365528	149.012511326981	198.973198708629	158.43415938102	151.917645162842	171.763035398462	184.530754155121	198.714226439042	161.677749464599	162.041692708887	142.767284100292	120.35672131979	131.332546745945	258.567102761108	161.205418470567	131.091731725201	129.294746782993	122.232965275115	140.996605711321	138.158782843167	127.986872335621	147.034222483689	155.667090921086	163.688135090933	175.051440587286	166.343170589383	185.906947373374	156.058327788286	174.566283506339	131.406668202585	128.374937753142	210.767127055546	138.354207383744	115.718259117875	130.910045722633	135.235301162334	115.14440044184	160.341845663823	211.263511907608	136.289173270167	115.702499405082	123.723117844405	147.739496788672	172.380237562989	154.27467717631	190.216978091717	161.119687535109	143.160308958275	117.221539786325	115.88878421763	130.606349455326	200.271638575842	141.234024867518	119.90255328402	120.585579682684	123.68520750379	150.771703859829	120.30233482532	116.511472571393	134.916149108537	177.677732758105	157.029951483648
TS047_RoL_RNA_136	123.033806550364	141.891700329198	132.649156694306	123.415734878152	134.255242672268	0	170.284476703147	141.351591148849	163.492184038163	182.509538849344	144.662282596138	174.667074800185	191.221243973661	146.43438119339	183.118312058019	159.707824867252	151.27622376858	199.210318009765	161.632454567823	182.784510964584	138.95553260755	155.729595614047	109.401299224777	237.587179905889	188.485046864292	125.629582225866	152.991940568191	159.353699542491	162.766614200571	150.484980918606	133.937892057548	159.503879036156	185.371559796533	174.565977773833	168.388604135645	199.350420700889	188.27108596616	181.108744315931	177.295547965564	151.931582231853	153.168844982152	211.165394894457	161.18587902377	137.742365657514	139.21809996799	142.581750565935	134.243317692667	162.111992108489	217.587267660715	108.044826392276	128.136009356572	122.072958785246	165.256216264289	180.015077891118	162.910446722483	210.292246174017	161.130266274867	163.034853893103	154.941015634058	136.557378065004	142.495395187507	200.391671564376	164.260041382472	155.523371330234	153.768428159084	148.978283123226	121.119062624109	134.210350157556	138.547309609188	121.821954154708	199.297765501376	166.547584265699
TS047_RoL_RNA_142	140.549154791498	137.030178240401	137.702635621827	166.596864175343	149.611843682986	170.284476703147	0	148.672412315035	117.957553188668	175.38265455763	200.287723138442	152.179296437299	222.882121244083	192.170196310639	169.768015577401	211.490817808281	226.977812017139	193.378154141159	181.483443022487	177.191113825417	142.221788610962	122.439334568105	165.387338152959	262.0685571704	161.337723361179	146.776596287839	125.086122936487	115.466351696162	117.69597985655	125.287958091153	161.202918559781	166.952555581714	176.927679384339	171.453278621191	213.160595434197	164.253921535968	194.16298017447	169.389637407554	215.724321529048	137.773873715501	138.244654096662	206.615030913832	133.094525604186	126.95580593388	142.643332124669	137.315515845612	156.660212411887	185.728984374277	212.166879543345	170.463505054908	142.139713530295	167.998077378215	193.260949748324	190.913244620524	193.743040061364	192.238624646751	207.575980776047	186.935792117444	135.283222785661	141.06058894662	154.057259776349	207.451061628178	146.069518825502	125.561745045597	140.398110447301	150.579314038012	185.042972521924	135.327465439806	129.792157005571	179.593990157473	178.844887996688	207.765898445222
TS047_RoL_RNA_145	113.447066974026	127.349384889099	124.292421510252	127.310714772909	130.043102735769	141.351591148849	148.672412315035	0	138.216100203714	138.114885393242	156.902543095003	142.013751841434	203.929817285217	143.978671821418	140.792174357664	155.074112510634	181.597093649711	168.178832781162	133.136204430382	150.739654503199	155.053882398075	130.29079966385	144.219217448165	263.014763691863	140.214217801885	139.843701682356	143.728559286878	139.895475263937	145.121191352603	150.557873491736	130.825885015482	152.431456085339	154.29930189629	136.724055261328	182.839544705978	168.325084809086	162.884370604596	144.964452160321	193.653146385385	126.32251802402	139.55484547569	207.487306641807	135.206303839839	128.200781924913	146.606174896603	114.214287617075	134.44127780107	147.751250154103	231.83038422283	140.922877564006	132.720842790601	135.188287752154	153.302328310917	181.171378066691	155.449426608202	186.001542268115	170.835839344972	148.8028717992	132.383487485453	142.964229209219	121.350114734472	220.840993461431	149.895508331683	131.869418970881	127.374520365771	146.535266954643	149.797235043236	114.631722479182	122.410631998267	141.306658843091	145.806349267991	175.9804329792
TS047_RoL_RNA_146	125.450833590465	116.561628914149	119.744326522556	155.040400189009	134.095536484904	163.492184038163	117.957553188668	138.216100203714	0	158.846418554961	195.675501615067	144.211916982226	215.533769280718	183.563199496771	145.549665905801	201.110447537443	216.110766710836	189.58139623173	170.274921163272	157.418254998141	140.337407002157	112.037978550775	150.297271328242	263.507452040902	150.76203111117	140.460929096199	109.892230942123	110.973501134322	111.288615896861	122.654550185885	137.459632231269	149.217195618133	153.430324197842	158.268353690221	208.850899973472	156.958396724772	179.538239871834	146.248203296734	208.311058692286	117.704133873087	133.744882316938	204.294071282964	114.395336340421	107.477640617093	148.790885127731	129.069277977668	143.066181566114	164.923228255582	224.545746825894	157.627443671808	128.971405600335	153.383335382294	174.055472201253	186.908114534954	176.240650394592	186.276029076101	191.036157331667	164.371544865486	120.824113340815	135.395819304918	133.670781788869	215.667442873234	116.921329473111	109.4730578414	118.539906489432	148.527911904711	176.205353583219	117.516054340086	116.76380959807	167.965805792516	171.297085111417	197.196951058441
TS047_RoL_RNA_16	148.05053563077	152.643612182847	155.949770546324	158.867828639791	161.205882905415	182.509538849344	175.38265455763	138.114885393242	158.846418554961	0	192.481510780704	139.174873323758	221.483121440993	163.941356324295	130.820745091864	165.30178712206	202.440725166248	146.911864235092	132.445270697485	126.597396154059	197.108942953556	154.001131458886	185.618290336772	287.995713595598	137.783317979619	183.803827380054	164.003635388158	158.575327095023	158.119565398317	178.53862266859	149.793234681745	161.365886609171	138.070876900318	120.716204439297	192.62100518134	156.022575576335	133.107464384109	123.07746299277	206.020418152398	148.870727494426	172.513057045847	225.583797120788	148.086682591609	157.215686362587	188.62153290281	148.734300315456	173.150029147675	137.3439794226	257.25675163715	188.179075671279	171.647528318713	175.454145582484	157.381381376067	172.905692560524	146.895249014925	173.217989740954	172.55493613351	152.189994692138	156.612154355535	179.974676732032	147.729262663889	248.557481845244	157.39836640346	156.088888842728	147.34679823731	182.317970803458	187.868010738307	148.031260162221	149.302755394247	181.624767468118	128.48795260806	187.118348751789
TS047_RoL_RNA_170	156.787238362883	177.908128993408	169.153720862736	147.187849348457	167.324540365528	144.662282596138	200.287723138442	156.902543095003	195.675501615067	192.481510780704	0	181.758525989008	201.935672974557	135.876299795377	192.048131957294	148.399324367491	140.94063264934	206.642962682623	156.516347819266	193.863293061543	172.417130080692	185.885198557245	148.856782272038	259.330680241318	197.398019486667	157.499484355366	190.751971393753	188.432932059746	198.359642516089	192.329575231179	167.44780228356	194.977018443714	196.323273388547	183.778991467028	163.744949721449	209.8748468761	201.891389248874	191.458953164444	169.349133143481	183.108836304034	167.382781571809	233.670768598474	201.4457341748	178.887562845393	160.927454008007	174.264931001186	154.987598246876	180.17892738196	239.551841972708	145.841339631303	165.500209569375	142.154824844776	160.564024933427	200.572360008998	166.378261563973	206.910740547025	172.821971466959	165.216013357766	183.40979255925	164.696947469211	165.060219583045	222.578896819331	209.331419002441	186.832413832106	180.778264257847	174.468318029499	147.712802008495	162.291892843789	165.075585365468	145.010605414646	189.306323322327	164.748942523035
TS047_RoL_RNA_175	146.038040039693	144.58316622566	144.558032181157	160.121297207329	149.012511326981	174.667074800185	152.179296437299	142.013751841434	144.211916982226	139.174873323758	181.758525989008	0	207.520111917935	169.567896516313	131.807540342649	177.281339083019	198.008880444925	169.737955830368	144.914898008066	132.752303443951	181.422137622832	133.109521697866	169.114772565946	272.001032017472	147.311908757692	168.502404702517	144.211676379668	135.40649870628	139.306839607621	146.335956562408	145.119497134694	156.330363115107	139.893129172544	142.860652143717	172.38020619571	131.787581516372	153.461241834959	129.964875485041	186.636785580511	149.209242334787	153.62851818693	215.520690563808	142.845690970799	143.535862526975	161.410643703963	153.106840305682	158.866121655535	144.177880176853	207.217361931616	173.921004541029	158.121751329203	166.397151480677	150.862835692621	146.261847702713	150.949425672762	149.339180254667	165.287936641703	141.698287127017	134.47551251054	150.278833026583	147.815382154714	199.421170993866	153.391881783603	142.637267343031	137.29783698601	141.176710523121	179.155107832538	137.828721552218	138.638367937146	175.383528297246	152.02172885366	167.074880402321
TS047_RoL_RNA_177	195.78656964047	201.963967627586	196.089376402656	189.670125175438	198.973198708629	191.221243973661	222.882121244083	203.929817285217	215.533769280718	221.483121440993	201.935672974557	207.520111917935	0	196.757486905181	216.731007147279	207.103954710555	203.685360286536	236.994407396043	204.631548388138	216.705602454335	204.92974179079	207.851749571193	181.46141027372	145.965738487745	229.778429800073	190.072586754191	207.22590320248	205.80955379058	215.053517961641	202.922741805584	194.074158968505	209.242978206634	222.417701261641	212.663109625973	212.052824913638	230.530432695905	226.046033939722	219.061718286897	222.81096223201	209.609190269077	210.522361994646	132.296684691775	221.040733246533	200.195746417892	200.459402423121	207.811365956725	200.304361253819	206.432363550328	227.6524613422	189.935640237443	201.254597066241	193.423995795782	209.974551161964	214.625813383181	204.48982322826	234.731368239268	206.305854337028	206.773540683458	206.389010439603	199.59697351564	198.807835664542	220.922837820959	221.339358853937	208.918778109115	204.943612100076	198.548723926122	196.986922484202	194.476671054438	202.323774079637	195.329662032754	232.044100867799	209.4548078201
TS047_RoL_RNA_20	147.141081363014	160.589141303564	156.421885230737	129.659189539389	158.43415938102	146.43438119339	192.170196310639	143.978671821418	183.563199496771	163.941356324295	135.876299795377	169.567896516313	196.757486905181	0	164.205751790905	144.388337881547	145.212709774016	191.939797931973	129.43233812321	163.671202687299	171.900106258958	173.946684946109	147.872853667198	267.374938587048	183.835762776798	160.233095212358	183.579921685766	180.832853842622	187.829117377972	183.090732771641	147.558600949494	183.63508429208	176.288194204375	163.471818498456	158.367583833174	192.796311240424	178.139735356791	168.679573099582	172.682572118059	167.649438737419	158.334951513375	231.842907837872	185.04291324683	168.444015174942	158.967009163964	157.541855570252	151.444725933112	158.380991431481	239.745594459214	146.64642856182	163.194858775752	137.323510983653	147.121307890348	189.638482474874	146.228374997874	194.140701888885	157.674819741589	151.099719153443	164.755719403942	161.654090455606	152.773102737231	226.752557404385	192.83641619394	169.609641851484	158.180470797573	165.812198161293	145.696529924645	151.434658403935	154.604117886511	138.780834391739	165.315870356981	149.451599200706
TS047_RoL_RNA_200	148.407776269135	138.439580982181	147.784619505277	160.676073368872	151.917645162842	183.118312058019	169.768015577401	140.792174357664	145.549665905801	130.820745091864	192.048131957294	131.807540342649	216.731007147279	164.205751790905	0	177.061309971838	201.26886822903	169.598410253646	140.63498546984	127.758795626246	184.113712547757	143.485279592425	178.889596541943	285.556283438285	139.988989757271	181.597705165892	152.449528530504	146.924944825974	150.410950830496	168.547673171468	143.879560897999	162.187813531372	126.5204495894	135.478331553335	192.681308673834	157.278555404685	146.853854156928	122.244499470582	201.229044702658	145.682566833721	163.661031282539	223.560654246854	129.874031247054	146.24694529438	184.152840034575	153.774491204906	169.674651670336	136.801471151498	250.292384945273	177.106969374042	166.878894014193	170.403841999126	148.760750999848	178.227764860186	153.011673828243	169.371521381943	168.520093026988	138.778278547873	142.443181776806	170.93640768962	145.408377240402	240.047306055012	145.022494922561	142.098788695951	124.614376327407	168.757702107659	187.515396209393	139.417421056076	136.091080438526	176.522071823766	141.474002075372	176.797843620007
TS047_RoL_RNA_204	162.821450336382	184.934748456331	176.323778840882	154.187542531722	171.763035398462	159.707824867252	211.490817808281	155.074112510634	201.110447537443	165.30178712206	148.399324367491	177.281339083019	207.103954710555	144.388337881547	177.061309971838	0	146.818799551663	172.279381885192	136.095025017065	170.964707998172	192.343652562543	186.172279151406	167.964743987318	270.91439633019	182.191255129361	178.2829884461	197.033337984257	195.479101898936	196.71129960378	200.209413071556	162.296607085175	181.225288374164	175.563318971331	152.95896970115	158.127002730933	205.153983831095	166.06851032879	178.116009405643	173.879126538613	184.896141134209	185.26598427454	237.006464643564	199.526356140701	188.163445221181	187.177064148874	177.74592431757	171.120990347346	146.61268193949	248.92094584435	166.602504582511	179.039258867744	155.8432694854	151.662548333803	175.831714506791	147.217555252797	196.181261942702	158.250640594205	157.374924315162	188.176830728515	186.374975181172	161.920829457051	230.69591721758	206.174360795777	192.833710635816	183.4335706847	186.325543789112	160.66838145232	167.350989940191	171.699694691947	153.985944461102	174.479967000229	170.336066387697
TS047_RoL_RNA_229	178.248524737413	194.636880135838	190.319293531274	160.244342162362	184.530754155121	151.27622376858	226.977812017139	181.597093649711	216.110766710836	202.440725166248	140.94063264934	198.008880444925	203.685360286536	145.212709774016	201.26886822903	146.818799551663	0	204.196610547506	165.406692794835	187.724356052337	192.621937546591	206.825307243282	160.693507292095	256.593855777322	221.264770216404	181.717468252671	209.18114516211	212.993287604431	218.752738800962	211.548306556516	176.94486445733	201.034105656699	199.951243942057	187.876155463942	147.327235268338	225.497711656651	191.998713175382	202.34644571648	157.033177881755	207.656326362029	195.338671531597	240.2430723122	218.3028704581	198.303095488092	189.932068822515	197.980328477433	175.315608349983	168.165477263619	246.516036633771	161.661250938919	186.58147243423	157.245704357807	157.240270004771	186.609443995272	156.348302286234	209.264793237316	146.801505997706	159.656428015731	202.09700820122	182.912416238908	179.532267831678	222.758677127521	220.949616808061	209.762323649617	198.30398440616	191.941168354908	150.297721975019	186.428125500455	184.828394372539	152.852786362444	211.833298102988	151.574242566558
TS047_RoL_RNA_231	178.326783572035	195.549073649944	190.30364938444	194.668389926602	198.714226439042	199.210318009765	193.378154141159	168.178832781162	189.58139623173	146.911864235092	206.642962682623	169.737955830368	236.994407396043	191.939797931973	169.598410253646	172.279381885192	204.196610547506	0	146.492704778947	144.326443393646	215.394072095341	188.740931762394	210.386298241041	286.754298852217	165.537267864361	210.758916788692	192.292584628898	194.85516792527	178.540373456886	200.400923276719	179.963648182998	176.609121769858	171.413863251778	130.603093794108	204.592277847459	191.551529845135	126.898934939524	157.53217549319	217.402769501801	189.121296861	206.816743706356	237.711164325116	181.31474646628	189.158950068848	211.725904223448	181.968612698936	206.639267307925	153.948147351202	268.353596602285	211.172161320946	200.764847936798	208.406494287663	179.339162655661	174.116778475324	160.82052796849	183.548601489474	179.909327789809	180.882381943991	195.43920921093	209.422819860856	185.398135998263	257.770963633439	194.990372881961	196.925837862348	189.170734991716	217.573708092036	202.622587844109	181.100583708504	181.640926227529	211.551214718194	160.906811267918	211.635999620164
TS047_RoL_RNA_258	141.981461207102	157.586748699792	152.608014355638	147.804378363107	161.677749464599	161.632454567823	181.483443022487	133.136204430382	170.274921163272	132.445270697485	156.516347819266	144.914898008066	204.631548388138	129.43233812321	140.63498546984	136.095025017065	165.406692794835	146.492704778947	0	135.703091706652	183.068585230626	164.992691430383	164.896607154332	271.441792425868	154.242113395762	171.884419008039	172.903273712524	170.582142386402	168.294191775397	179.532910320715	144.875906644138	169.541283955304	152.995853264378	123.850666466525	167.591505555404	177.050159435298	136.624930338732	142.332269229688	186.918077200526	160.226140853064	167.347383717654	224.245001275613	164.618759166276	162.537417888067	175.745427111513	151.148305106016	166.731469444312	127.129099267674	246.895978605396	163.406388351476	167.099986253611	159.053738666761	142.672104650871	170.393176665677	136.390694587705	177.555686540177	150.23424649425	143.628348947948	163.550435744144	174.301676015558	146.43306761354	234.450212420592	180.805046181146	164.627592555899	153.094392211088	176.067046435982	165.532046477698	142.50501837678	147.194549568777	159.400034823864	137.694403002984	170.141190500162
TS047_RoL_RNA_262	156.29291201958	157.007954051634	159.343356326626	165.99938625147	162.041692708887	182.784510964584	177.191113825417	150.739654503199	157.418254998141	126.597396154059	193.863293061543	132.752303443951	216.705602454335	163.671202687299	127.758795626246	170.964707998172	187.724356052337	144.326443393646	135.703091706652	0	193.486111911862	154.882175137273	185.128352740146	280.864973626872	154.775429295827	187.894688382247	162.869728615912	163.219184847921	155.809695959686	171.824988359829	146.027896072395	162.912290121155	134.057332462347	126.69997181607	172.785033263491	152.774489549702	124.895710917192	125.181776871239	190.570990637354	158.883880742429	174.749536901956	226.127600364115	154.224003361516	155.299744971021	187.409776041999	163.892641636949	175.936328434511	128.330036188847	241.927370955301	185.409772734288	173.358369250091	177.741352555459	145.094185968931	144.431166258131	132.281289308118	154.759901218334	149.987814218926	138.041731575533	153.758884312523	174.297920580313	156.588915334357	230.754034038126	157.778437084847	159.140624476169	145.562984485174	176.036803106298	187.659993672098	153.395488605693	145.975332451381	182.926103666528	149.594136363181	173.273483928306
TS047_RoL_RNA_286	136.205199011928	140.834934174541	132.496007797089	148.983830878035	142.767284100292	138.95553260755	142.221788610962	155.053882398075	140.337407002157	197.108942953556	172.417130080692	181.422137622832	204.92974179079	171.900106258958	184.113712547757	192.343652562543	192.621937546591	215.394072095341	183.068585230626	193.486111911862	0	145.858649672395	124.436517020976	239.192627262701	192.368803665102	126.28681999377	144.156087762052	140.795304408338	150.55847161222	139.053596730414	146.303729786257	164.662171684765	195.892157652116	185.318355493151	201.221004866277	201.227712618784	208.568221831876	192.088259576124	201.087091158678	153.156716776771	152.277565209068	209.150766761598	160.038621852142	133.647254384862	139.336049797304	144.50144548567	144.612050237746	184.956225444274	215.969751621678	129.398024634047	136.566538196495	134.333163713439	189.514905337025	199.481030378163	189.938683787145	214.04038253465	192.526865658378	185.90250200957	151.159084155318	138.878022650469	147.29773775726	204.551578393173	162.523766753477	141.741559583889	152.300722529375	153.988218957999	150.104820401248	134.316766287113	139.783615666607	142.439706340936	206.050815575828	193.065228069115
TS047_RoL_RNA_288	123.552598684116	121.352474811246	125.740216158877	143.823282547384	120.35672131979	155.729595614047	122.439334568105	130.29079966385	112.037978550775	154.001131458886	185.885198557245	133.109521697866	207.851749571193	173.946684946109	143.485279592425	186.172279151406	206.825307243282	188.740931762394	164.992691430383	154.882175137273	145.858649672395	0	150.554645229338	261.982983403389	127.129428164158	135.908616202413	109.311609680428	106.520035523102	116.02815058513	122.817518112635	132.950612193879	147.631690205994	143.184888814327	157.575802313876	190.33719123532	146.416622628833	177.682139126628	146.83969342803	192.387956750384	119.80710138945	124.261541361076	200.792655806021	122.207965638769	115.21674864426	139.735613959336	129.581808764615	133.060330584348	160.17273836784	206.149098483481	154.023925097932	125.986568475535	147.324467913792	160.946403809699	169.023531979684	167.24364351023	171.716545104479	182.16309904215	151.148783104133	103.309633861858	126.3884235605	123.069993702572	197.016445527094	121.582380080699	110.662443361705	116.753415279433	129.962211203001	170.863992986606	113.408407024671	112.96623382873	156.407172702828	163.12556974609	179.966473887075
TS047_RoL_RNA_289	122.236433315674	133.834727940626	121.610859981553	121.198677972952	131.332546745945	109.401299224777	165.387338152959	144.219217448165	150.297271328242	185.618290336772	148.856782272038	169.114772565946	181.46141027372	147.872853667198	178.889596541943	167.964743987318	160.693507292095	210.386298241041	164.896607154332	185.128352740146	124.436517020976	150.554645229338	0	232.234879018343	189.755600025893	111.213927345731	146.256057654979	148.056085693069	160.667109411053	139.978240939896	128.806543785981	154.574757367224	187.086161430835	179.239342272189	174.802503450671	195.57174096156	194.251092352313	181.49783271324	181.524035185453	145.527447630881	147.008088600448	202.236932962333	163.073841899827	129.849141080166	138.114088424087	140.127470502361	131.220500551492	164.936470987011	212.22820725911	105.608996179685	128.83546124757	109.03189597205	168.59236567194	186.135736750331	166.64231929115	208.139055483273	165.982343735156	162.551980983869	149.107367687452	129.631617405451	133.795384656411	196.228663356851	162.160298392928	146.836653638307	145.36069039825	139.233765270074	114.511845112208	126.00454500484	133.690466521547	115.437738496457	199.460874577246	167.723860384705
TS047_RoL_RNA_291	248.645424453285	257.920720645532	250.854183900224	251.551645184959	258.567102761108	237.587179905889	262.0685571704	263.014763691863	263.507452040902	287.995713595598	259.330680241318	272.001032017472	145.965738487745	267.374938587048	285.556283438285	270.91439633019	256.593855777322	286.754298852217	271.441792425868	280.864973626872	239.192627262701	261.982983403389	232.234879018343	0	288.535810961378	235.280186161176	254.884543582787	257.909027653616	259.913472907043	244.629736484559	255.35889219502	260.771656136036	288.606120944584	273.813323368195	274.568757836409	290.201215216466	286.108670733408	284.777876881209	278.260316505271	264.359326423859	265.322287264712	142.168337243405	271.948446866938	250.092448566116	246.843536010687	258.590423488507	253.786547679076	269.834665161347	253.674201869573	239.430422248244	249.043908277585	248.517648405338	280.673568493154	270.01459302277	275.435455462436	293.898278649975	271.387155555597	276.717291285905	266.566043692999	250.10574137517	256.542839908735	248.332064795408	271.311790912429	264.344331093238	266.439538769437	254.152330701684	245.855976404235	252.397907437919	259.252461660295	248.974444056014	299.379276126656	278.26563354364
TS047_RoL_RNA_317	148.161993223316	154.600524774571	160.132091905306	169.44399016569	161.205418470567	188.485046864292	161.337723361179	140.214217801885	150.76203111117	137.783317979619	197.398019486667	147.311908757692	229.778429800073	183.835762776798	139.988989757271	182.191255129361	221.264770216404	165.537267864361	154.242113395762	154.775429295827	192.368803665102	127.129428164158	189.755600025893	288.535810961378	0	176.831125779055	150.344592490587	144.312424628464	148.804590441497	173.149686032928	156.288426347852	164.715259363043	139.546950236965	145.020231790204	208.319397844835	159.423453661985	159.648637467377	142.470101140499	211.481869703199	144.610461778491	163.045524765915	220.420266443068	141.806657431508	157.365045095021	185.776478131011	153.388532194189	171.152262512003	163.750727250215	252.899567970023	189.680221524673	166.734620543495	183.298506523241	169.316088006568	190.301087912627	175.213462960599	173.59683126278	197.35307690285	165.00679141511	148.610309386042	177.75621380837	145.990094031414	243.037561123465	151.096320515624	150.15231217905	143.85031194798	180.501340076275	196.31418478267	143.478420132741	144.487648679006	186.035814295744	141.037752948353	204.369674615424
TS047_RoL_RNA_318	124.559439718303	134.027612377396	130.111155939515	127.874899903064	131.091731725201	125.629582225866	146.776596287839	139.843701682356	140.460929096199	183.803827380054	157.499484355366	168.502404702517	190.072586754191	160.233095212358	181.597705165892	178.2829884461	181.717468252671	210.758916788692	171.884419008039	187.894688382247	126.28681999377	135.908616202413	111.213927345731	235.280186161176	176.831125779055	0	131.089598441241	137.314645020763	146.190497521369	135.850431494502	141.285735509509	157.158641661557	182.132292627744	180.382917642254	189.458251818211	180.756150563737	200.873589782261	181.195902153397	188.266344294881	136.168732613771	131.786680798257	198.332571226361	155.317753823093	129.036602424744	130.003703407344	135.538120437551	127.875792933209	176.358906214305	212.859557947466	123.07103486981	125.389640790077	120.564070924404	171.884345150255	194.986699995972	176.411855539445	201.967614296598	182.862350061749	168.544994854675	143.855979945063	127.634743357855	131.620401041909	198.934183086961	158.428090410089	136.917624589798	145.484296097263	140.437051270202	133.708744492653	124.336102830688	131.804195732143	124.329462295061	191.03352142511	180.707016093004
TS047_RoL_RNA_319	126.225478447816	124.797481229521	123.760413128694	149.672526978436	129.294746782993	152.991940568191	125.086122936487	143.728559286878	109.892230942123	164.003635388158	190.751971393753	144.211676379668	207.22590320248	183.579921685766	152.449528530504	197.033337984257	209.18114516211	192.292584628898	172.903273712524	162.869728615912	144.156087762052	109.311609680428	146.256057654979	254.884543582787	150.344592490587	131.089598441241	0	108.110760321888	112.93982446631	115.525407556505	137.665011197003	144.877014077565	151.795153434737	165.11027413827	200.616025337846	156.966590903341	179.715822665965	154.887221061454	197.866489447654	121.123212024537	127.851270375648	196.082589393625	121.703564228545	109.9107693026	146.019068648658	133.81083927194	140.178271967246	162.310599198086	213.742479119478	156.148367105106	129.228267222602	152.9804775331	169.925649364928	179.644721202035	175.361159563481	180.056886044648	185.098486004617	159.095130407807	120.398605751642	131.036609817329	132.74900097198	202.966197500627	120.202577048082	117.894396428883	121.342059513389	141.116692590553	169.762665862856	116.617987163178	117.734204555597	164.103817986599	177.696041553332	190.577624835032
TS047_RoL_RNA_322	126.188219735876	117.787541267576	120.516115818888	148.881774392042	122.232965275115	159.353699542491	115.466351696162	139.895475263937	110.973501134322	158.575327095023	188.432932059746	135.40649870628	205.80955379058	180.832853842622	146.924944825974	195.479101898936	212.993287604431	194.85516792527	170.582142386402	163.219184847921	140.795304408338	106.520035523102	148.056085693069	257.909027653616	144.312424628464	137.314645020763	108.110760321888	0	111.77451627771	118.394861158275	140.688236742458	150.155987433029	153.068328982752	160.300663881348	199.433059139908	149.216722800759	183.559451121824	145.587902247186	198.729952527291	122.153843699155	129.188169042871	198.984686025016	118.125674107016	110.791451472148	140.202501808703	131.180924925914	136.55471213748	167.44514638414	213.266746890717	157.418614452407	125.031625441332	148.468377315016	170.267248588527	179.799539460328	173.83279708857	176.574304024791	189.397171749927	163.408130839563	113.092846407102	125.197666454978	133.37319853507	205.276296759073	125.811225650514	107.140628787804	118.2297111097	133.79896202706	174.892414111046	119.762336704066	115.550457235	162.61377972011	170.98055951016	186.861283970908
TS047_RoL_RNA_326	127.954395400095	124.292639249931	129.054383844557	161.307738437464	140.996605711321	162.766614200571	117.69597985655	145.121191352603	111.288615896861	158.119565398317	198.359642516089	139.306839607621	215.053517961641	187.829117377972	150.410950830496	196.71129960378	218.752738800962	178.540373456886	168.294191775397	155.809695959686	150.55847161222	116.02815058513	160.667109411053	259.913472907043	148.804590441497	146.190497521369	112.93982446631	111.77451627771	0	110.746519009112	144.47253142243	151.665674296414	156.104142566778	156.665248198145	204.043788679765	147.401478367353	172.317754357902	144.216605844933	207.973830375328	129.597839476849	144.966516940457	203.371661268904	117.524343722664	118.229961424995	147.410546574382	136.35703960492	155.470394609546	160.086169216089	209.711732060783	161.548265609373	135.51280976428	166.678865227915	180.489163776624	173.18865977498	182.580312679371	171.69829578811	193.57522783249	173.335303095823	126.222815328018	137.562944962545	140.754686778714	202.820491882748	127.379341870743	121.557051107685	130.071368720529	147.867863415217	182.129113953872	128.863663217633	122.752978783347	173.238103029577	172.84251454621	202.329164614202
TS047_RoL_RNA_328	135.269015003898	130.515008621744	123.799437512444	156.169378578478	138.158782843167	150.484980918606	125.287958091153	150.557873491736	122.654550185885	178.53862266859	192.329575231179	146.335956562408	202.922741805584	183.090732771641	168.547673171468	200.209413071556	211.548306556516	200.400923276719	179.532910320715	171.824988359829	139.053596730414	122.817518112635	139.978240939896	244.629736484559	173.149686032928	135.850431494502	115.525407556505	118.394861158275	110.746519009112	0	140.373071771272	154.944152286698	174.357434463527	176.095759999982	196.252149533485	159.756157139781	190.5099553525	165.603937014857	199.675185792304	135.791852087624	141.853466600789	198.857284050558	141.093674721901	117.98483670796	136.395720734076	141.343630302221	146.96698439754	171.75540820209	189.349016382388	149.089040679746	134.561232080176	153.824298877378	186.372113040325	172.387453651852	185.052540538935	186.816023724243	191.556741085477	177.330881852109	125.750261662106	123.038697143797	145.711684177141	183.010299784746	138.31053208546	128.903967021768	135.753221504975	128.638508075305	166.128049037941	131.067846994947	131.016285438231	165.25614189194	194.380865974111	193.480714215864
TS047_RoL_RNA_347	119.566875224441	122.598100541179	115.362697306852	125.454550036933	127.986872335621	133.937892057548	161.202918559781	130.825885015482	137.459632231269	149.793234681745	167.44780228356	145.119497134694	194.074158968505	147.558600949494	143.879560897999	162.296607085175	176.94486445733	179.963648182998	144.875906644138	146.027896072395	146.303729786257	132.950612193879	128.806543785981	255.35889219502	156.288426347852	141.285735509509	137.665011197003	140.688236742458	144.47253142243	140.373071771272	0	139.613012628899	146.225130125068	150.38664360146	177.755905553549	170.988692767092	158.215693720095	146.013107097646	187.635901185559	131.746426814851	150.700195852936	205.573152344326	141.206426929789	122.370315875567	146.800344084621	132.716449018966	140.396611147999	140.392966309749	224.368177816525	133.260558876842	136.651231783732	137.480804433957	152.651232460194	168.055348912008	146.087925684594	181.114141713077	155.304565428019	142.832819874993	134.5712922963	138.098569596081	123.597529308912	211.833020434188	133.639548793571	134.378888794682	124.190896961001	146.467094798376	142.202065035477	116.501667683917	120.086707941248	138.534443660397	165.979954797081	166.64527277451
