2025-04-30 20:41:09.62133 INFO::Writing function arguments to log file
2025-04-30 20:41:09.622618 DEBUG::Function arguments
2025-04-30 20:41:09.623039 DEBUG::Output folder: /Users/michaelsieler/Dropbox/Mac (2)/Documents/Sharpton_Lab/Projects_Repository/Rules_of_Life/major-experiment-2023/Code/Analysis/DiffAbund/MaAsLin2_ATP
2025-04-30 20:41:09.623398 DEBUG::Min Abundance: 0.000000
2025-04-30 20:41:09.623715 DEBUG::Min Prevalence: 0.000000
2025-04-30 20:41:09.623997 DEBUG::Normalization: TSS
2025-04-30 20:41:09.624286 DEBUG::Transform: LOG
2025-04-30 20:41:09.62459 DEBUG::Analysis method: LM
2025-04-30 20:41:09.624877 DEBUG::Max significance: 0.250000
2025-04-30 20:41:09.62516 DEBUG::Random effects:
2025-04-30 20:41:09.625463 DEBUG::Fixed effects: Antibiotics,Temperature,Pathogen
2025-04-30 20:41:09.625803 DEBUG::Correction method: BH
2025-04-30 20:41:09.626124 DEBUG::Standardize: FALSE
2025-04-30 20:41:09.626415 DEBUG::Cores: 8
2025-04-30 20:41:09.626669 INFO::Verifying options selected are valid
2025-04-30 20:41:09.627556 INFO::Determining format of input files
2025-04-30 20:41:09.628373 INFO::Input format is data samples as rows and metadata samples as rows
2025-04-30 20:41:09.630608 DEBUG::A total of 236 samples were found in both the data and metadata
2025-04-30 20:41:09.630966 DEBUG::Reordering data/metadata to use same sample ordering
2025-04-30 20:41:09.635762 INFO::Formula for fixed effects: expr ~  Antibiotics + Temperature + Pathogen
2025-04-30 20:41:09.637076 INFO::Filter data based on min abundance and min prevalence
2025-04-30 20:41:09.637886 INFO::Total samples in data: 236
2025-04-30 20:41:09.638708 INFO::Min samples required with min abundance for a feature not to be filtered: 0.000000
2025-04-30 20:41:09.646826 INFO::Total filtered features: 0
2025-04-30 20:41:09.6482 INFO::Filtered feature names from abundance and prevalence filtering:
2025-04-30 20:41:09.690313 INFO::Total filtered features with variance filtering: 0
2025-04-30 20:41:09.69156 INFO::Filtered feature names from variance filtering:
2025-04-30 20:41:09.692332 INFO::Running selected normalization method: TSS
2025-04-30 20:41:09.704229 INFO::Bypass z-score application to metadata
2025-04-30 20:41:09.705338 INFO::Running selected transform method: LOG
2025-04-30 20:41:09.720809 INFO::Running selected analysis method: LM
2025-04-30 20:41:09.722029 INFO::Creating cluster of 8 R processes
2025-04-30 20:41:23.234422 INFO::Counting total values for each feature
2025-04-30 20:41:23.297863 INFO::Writing filtered data to file /Users/michaelsieler/Dropbox/Mac (2)/Documents/Sharpton_Lab/Projects_Repository/Rules_of_Life/major-experiment-2023/Code/Analysis/DiffAbund/MaAsLin2_ATP/features/filtered_data.tsv
2025-04-30 20:41:23.348494 INFO::Writing filtered, normalized data to file /Users/michaelsieler/Dropbox/Mac (2)/Documents/Sharpton_Lab/Projects_Repository/Rules_of_Life/major-experiment-2023/Code/Analysis/DiffAbund/MaAsLin2_ATP/features/filtered_data_norm.tsv
2025-04-30 20:41:23.461668 INFO::Writing filtered, normalized, transformed data to file /Users/michaelsieler/Dropbox/Mac (2)/Documents/Sharpton_Lab/Projects_Repository/Rules_of_Life/major-experiment-2023/Code/Analysis/DiffAbund/MaAsLin2_ATP/features/filtered_data_norm_transformed.tsv
2025-04-30 20:41:23.686166 WARNING::Deleting existing residuals file: /Users/michaelsieler/Dropbox/Mac (2)/Documents/Sharpton_Lab/Projects_Repository/Rules_of_Life/major-experiment-2023/Code/Analysis/DiffAbund/MaAsLin2_ATP/fits/residuals.rds
2025-04-30 20:41:23.687729 INFO::Writing residuals to file /Users/michaelsieler/Dropbox/Mac (2)/Documents/Sharpton_Lab/Projects_Repository/Rules_of_Life/major-experiment-2023/Code/Analysis/DiffAbund/MaAsLin2_ATP/fits/residuals.rds
2025-04-30 20:41:23.700108 WARNING::Deleting existing fitted file: /Users/michaelsieler/Dropbox/Mac (2)/Documents/Sharpton_Lab/Projects_Repository/Rules_of_Life/major-experiment-2023/Code/Analysis/DiffAbund/MaAsLin2_ATP/fits/fitted.rds
2025-04-30 20:41:23.701723 INFO::Writing fitted values to file /Users/michaelsieler/Dropbox/Mac (2)/Documents/Sharpton_Lab/Projects_Repository/Rules_of_Life/major-experiment-2023/Code/Analysis/DiffAbund/MaAsLin2_ATP/fits/fitted.rds
2025-04-30 20:41:23.708122 INFO::Writing all results to file (ordered by increasing q-values): /Users/michaelsieler/Dropbox/Mac (2)/Documents/Sharpton_Lab/Projects_Repository/Rules_of_Life/major-experiment-2023/Code/Analysis/DiffAbund/MaAsLin2_ATP/all_results.tsv
2025-04-30 20:41:23.729176 INFO::Writing the significant results (those which are less than or equal to the threshold of 0.250000 ) to file (ordered by increasing q-values): /Users/michaelsieler/Dropbox/Mac (2)/Documents/Sharpton_Lab/Projects_Repository/Rules_of_Life/major-experiment-2023/Code/Analysis/DiffAbund/MaAsLin2_ATP/significant_results.tsv
2025-04-30 20:41:23.733685 INFO::Writing heatmap of significant results to file: /Users/michaelsieler/Dropbox/Mac (2)/Documents/Sharpton_Lab/Projects_Repository/Rules_of_Life/major-experiment-2023/Code/Analysis/DiffAbund/MaAsLin2_ATP/heatmap.pdf
